Timestamp: 1496400240.480458        ID: 07bf    000    DLC: 8    31 00 00 12 00 00 00 00
Timestamp: 1496400240.480463        ID: 07ff    000    DLC: 8    31 00 00 12 38 00 47 45
