Timestamp: 1496387804.313823        ID: 07bf    000    DLC: 8    31 00 00 02 00 00 00 00
Timestamp: 1496387804.313827        ID: 07ff    000    DLC: 8    31 00 00 02 0e b7 21 29
