Timestamp: 1496224916.078121        ID: 07bf    000    DLC: 8    31 00 00 14 00 00 00 00
Timestamp: 1496224916.078123        ID: 07ff    000    DLC: 8    31 00 00 14 47 45 60 40
