Timestamp: 1496319755.266784        ID: 07bf    000    DLC: 8    31 00 00 12 00 00 00 00
Timestamp: 1496319755.266822        ID: 07ff    000    DLC: 8    31 00 00 12 38 00 47 45
