Timestamp: 1496235410.523549        ID: 07bf    000    DLC: 8    31 00 00 14 00 00 00 00
Timestamp: 1496235410.523552        ID: 07ff    000    DLC: 8    31 00 00 14 47 45 60 40
Timestamp: 1496235410.523549        ID: 07bf    000    DLC: 8    31 00 00 14 00 00 00 00
Timestamp: 1496235410.523552        ID: 07ff    000    DLC: 8    31 00 00 14 47 45 60 40
